MEXC SIDEWAYS SCREENER REPORT
Дата генерации: 6/16/2026, 6:07:15 PM
Найдено монет: 16
=======================================================================================================================
Тикер        | Цена         | Диап.15м%  | Отклон.%   | Ф.Тренда   | Спред%     | Сделок1м  
-----------------------------------------------------------------------------------------------------------------------
CULTUSDT     | 0.000153     | 0.131      | 0.000      | 0.000      | 0.065      | 5         
CTPUSDT      | 0.000881     | 0.703      | 0.011      | 0.016      | 0.159      | 35        
INJUSDT      | 5.716000     | 0.857      | 0.026      | 0.031      | 0.053      | 32        
PMTUSDT      | 0.105760     | 0.142      | 0.014      | 0.100      | 0.057      | 14        
ASTERUSDT    | 0.660800     | 0.727      | 0.076      | 0.104      | 0.076      | 5         
XPUSDT       | 0.022670     | 0.168      | 0.018      | 0.105      | 0.225      | 5         
ATRUSDT      | 0.000587     | 0.307      | 0.034      | 0.111      | 0.341      | 5         
BBTUSDT      | 0.077100     | 0.777      | 0.130      | 0.167      | 0.130      | 7         
XUSDT        | 0.005562     | 0.378      | 0.063      | 0.167      | 0.542      | 5         
KPCUSDT      | 0.001810     | 0.166      | 0.028      | 0.167      | 0.277      | 6         
BZRUSDT      | 59.528000    | 0.814      | 0.162      | 0.198      | 0.395      | 11        
ZANOUSDT     | 9.863000     | 0.101      | 0.020      | 0.200      | 0.203      | 5         
JUPUSDT      | 0.193200     | 0.986      | 0.233      | 0.237      | 0.052      | 16        
ZTCUSDT      | 0.000545     | 0.423      | 0.101      | 0.239      | 0.202      | 6         
PHNIXUSDT    | 0.000015     | 0.362      | 0.102      | 0.282      | 0.231      | 20        
RSCUSDT      | 0.101150     | 0.769      | 0.217      | 0.282      | 0.079      | 11        
=======================================================================================================================
